2261
2262
2264
2265
2267
2270
2271
2272
2273
2274
2275
2276
2277
2283
2284
2285
2286
2288
2289
2291
2292
2293
2294
2299
2306
2310
2311
2314
2315
2316
2320
2322
2323
2324
2325
2326
2329
2331
2332
2333
2334
2335
2336
2337
2340
2341
2362
2363
2364
2368
2369
2370
2371
2372
2373
2374
2375
2376
2378
2379
2380
2381
2382
2383
2384
2385
2386
2387
2388
2389
2390
2391
2392
2393
2394
2395
2396
2397
2398
2399
2400
2401
2402
2406
2407
2408
2409
2411
2415
2417
2420
2422
2423
2424
2425
2426
2427
2428
2429
2431
2432
2433
2434
2437
2438
2439
2440
2442
2453
2454
2456
2460
2461
2462
2463
2483
2497
2501
2502
2503
2505
2506
2507
2508
2509
2542
2543
2544
2546
2547
2548
2550
2551
2552
2553
2554
2555
2556
2557
2558
2559
2560
2562
2563
2564
2565
2566
2567
2568
2569
2570
2571
2572
2573
2574
2575
2578
2579
2580
2581
2582
2583
2584
2585
2586
2587
2588
2589
2590
2591
2592
2593
2594
2595
2596
2597
2598
2599
2600
2601
2612
2613
2617
2618
2619
2620
2621
2622
2623
2624
2632
2633
2634
2643
2645
2646
2647
2649
2650
2652
2653
