1735
1771
1787
1831
1835
1837
1839
1840
1841
1876
1885
1886
1905
1934
2174
2195
2196
2197
2198
2204
2205
2208
2209
2222
2228
2230
2239
2252
2259
2305
2313
2327
2328
2329
2343
2344
2347
2367
2405
2409
2410
2411
2412
2413
2414
2415
2416
2417
2423
2436
2452
2457
2488
2510
2513
2514
2515
2517
2527
2528
2530
2531
2532
2533
2614
2625
2626
2627
2628
2629
2637
2638
2644
2654
2825
2827
2828
2829
2831
2832
2833
2862
2865
2866
2867
2869
2871
2873
2885
2909
2910
2911
2912
2915
2994
2996
3001
3015
3016
3035
3040
3050
3063
3064
3067
3099
3160
3161
3185
3189
3197
3212
